#Tue Jul 19 16:59:07 CST 2016
port4=4325
port3=4324
port2=4323
volume4=1.048576E7
port1=4322
volume3=1.048576E7
port0=4321
volume2=1.048576E7
volume1=1.048576E7
volume0=1.048576E7
serverName4=fs5
serverName3=fs4
availableVolume4=9203842.0
serverName2=fs3
availableVolume3=1.048576E7
availableVolume2=9203842.0
fileAmount4=1
serverName1=fs2
fileAmount3=0
serverName0=fs1
availableVolume1=1.048576E7
fileAmount2=1
availableVolume0=1.048576E7
fileAmount1=0
fileAmount0=0
fileServerPort=5432
ipAddress4=127.0.0.1
ipAddress3=127.0.0.1
ipAddress2=127.0.0.1
ipAddress1=127.0.0.1
ipAddress0=127.0.0.1
serverAmount=5
